1
1, 18.5170, 19.9479, 0.53786
2, 18.4971, 21.8793, 0.35592
3, 18.5132, 23.8923, 0.36722
4, 18.5170, 25.9145, 0.48182
5, 18.5170, 27.9439, 0.26563
6, 18.5170, 29.8798, 0.26563
7, 18.5170, 31.8615, 0.46582

2
1, 21.4551, 19.9606, 0.51676
2, 21.4545, 21.8922, 0.26054
3, 21.4294, 23.8666, 0.47198
4, 21.5050, 25.8818, 0.47887
5, 21.4770, 27.9299, 0.28348
6, 21.4569, 29.9098, 0.45891
7, 21.4629, 31.8998, 0.25200

3
1, 24.5230, 19.9539, 0.45891
2, 24.4762, 21.9006, 0.54100
3, 24.4961, 23.8987, 0.35059
4, 24.4930, 25.9238, 0.45235
5, 24.4703, 27.9407, 0.25623
6, 24.4990, 29.8737, 0.25807
7, 24.4825, 31.8998, 0.26250

4
1, 27.5192, 19.9441, 0.35098
2, 27.5001, 21.8455, 0.37914
3, 27.5105, 23.9049, 0.34849
4, 27.5071, 25.9282, 0.43595
5, 27.5277, 27.9392, 0.34978
6, 27.4967, 29.8692, 0.53035
7, 27.5174, 31.9032, 0.34169

5
1, 30.4990, 19.9659, 0.27166
2, 30.4689, 21.8838, 0.47518
3, 30.4549, 23.9178, 0.18254
4, 30.4728, 25.9506, 0.27875
5, 30.4689, 27.9439, 0.26563
6, 30.4728, 29.8836, 0.35098
7, 30.4549, 31.8858, 0.28348

