1
1, 18.5000, 20.0000, 0.53786
2, 18.5000, 22.0000, 0.35592
3, 18.5000, 24.0000, 0.36722
4, 18.5000, 26.0000, 0.48182
5, 18.5000, 28.0000, 0.26563
6, 18.5000, 30.0000, 0.26563
7, 18.5000, 32.0000, 0.46582

2
1, 21.5000, 20.0000, 0.51676
2, 21.5000, 22.0000, 0.26054
3, 21.5000, 24.0000, 0.47198
4, 21.5000, 26.0000, 0.47887
5, 21.5000, 28.0000, 0.28348
6, 21.5000, 30.0000, 0.45891
7, 21.5000, 32.0000, 0.25200

3
1, 24.5000, 20.0000, 0.45891
2, 24.5000, 22.0000, 0.54100
3, 24.5000, 24.0000, 0.35059
4, 24.5000, 26.0000, 0.45235
5, 24.5000, 28.0000, 0.25623
6, 24.5000, 30.0000, 0.25807
7, 24.5000, 32.0000, 0.26250

4
1, 27.5000, 20.0000, 0.35098
2, 27.5000, 22.0000, 0.37914
3, 27.5000, 24.0000, 0.34849
4, 27.5000, 26.0000, 0.43595
5, 27.5000, 28.0000, 0.34978
6, 27.5000, 30.0000, 0.53035
7, 27.5000, 32.0000, 0.34169

5
1, 30.5000, 20.0000, 0.27166
2, 30.5000, 22.0000, 0.47518
3, 30.5000, 24.0000, 0.18254
4, 30.5000, 26.0000, 0.27875
5, 30.5000, 28.0000, 0.26563
6, 30.5000, 30.0000, 0.35098
7, 30.5000, 32.0000, 0.28348

