1
1, 18.5056, 19.9673, 0.40853
2, 18.5152, 22.0189, 0.47608
3, 18.5225, 23.9694, 0.43173
4, 18.4985, 25.9644, 0.37599
5, 18.4720, 28.0082, 0.20675
6, 18.5033, 30.0024, 0.39664
7, 18.5111, 32.0276, 0.43878

2
1, 21.4957, 19.9456, 0.21568
2, 21.4708, 21.9925, 0.42553
3, 21.5481, 24.0307, 0.30011
4, 21.5176, 26.0323, 0.52501
5, 21.4653, 28.0312, 0.35078
6, 21.4641, 30.0479, 0.18927
7, 21.5195, 32.0325, 0.21634

3
1, 24.5117, 19.9725, 0.18910
2, 24.4976, 21.9950, 0.26231
3, 24.5116, 23.9891, 0.19534
4, 24.5272, 26.0084, 0.41640
5, 24.5141, 27.9460, 0.29440
6, 24.5286, 29.9725, 0.45207
7, 24.5119, 31.9558, 0.21621

4
1, 27.5113, 19.9666, 0.27637
2, 27.5020, 22.0039, 0.50866
3, 27.4891, 24.0003, 0.28824
4, 27.4705, 25.9903, 0.26138
5, 27.4595, 27.9719, 0.40847
6, 27.5175, 29.9692, 0.46030
7, 27.4424, 32.0022, 0.35410

5
1, 30.5039, 19.9792, 0.20986
2, 30.5315, 21.9718, 0.28677
3, 30.5478, 24.0232, 0.29173
4, 30.5253, 27.9933, 0.28467
5, 30.5129, 29.9587, 0.41452
6, 30.4819, 31.9958, 0.31034

