1
1
1
1, 18.5000, 20.0000, 0.38722
2, 18.5000, 22.0000, 0.36840
3, 18.5000, 24.0000, 0.35592
4, 18.5000, 26.0000, 0.26563
5, 18.5000, 28.0000, 0.47887
6, 18.5000, 30.0000, 0.35638
7, 18.5000, 32.0000, 0.46471

2
1, 21.5000, 20.0000, 0.34450
2, 21.5000, 22.0000, 0.17660
3, 21.5000, 24.0000, 0.53786
4, 21.5000, 26.0000, 0.34634
5, 21.5000, 28.0000, 0.53786
6, 21.5000, 30.0000, 0.34634
7, 21.5000, 32.0000, 0.25966

3
1, 24.5000, 20.0000, 0.26250
2, 24.5000, 22.0000, 0.35940
3, 24.5000, 24.0000, 0.47518
4, 24.5000, 26.0000, 0.35216
5, 24.5000, 28.0000, 0.26250
6, 24.5000, 30.0000, 0.35059
7, 24.5000, 32.0000, 0.44234

4
1, 27.5000, 20.0000, 0.34634
2, 27.5000, 22.0000, 0.45235
3, 27.5000, 24.0000, 0.44598
4, 27.5000, 26.0000, 0.26563
5, 27.5000, 28.0000, 0.26563
6, 27.5000, 30.0000, 0.52500
7, 27.5000, 32.0000, 0.43979

5
1, 30.5000, 20.0000, 0.29793
2, 30.5000, 22.0000, 0.53786
3, 30.5000, 24.0000, 0.47990
4, 30.5000, 26.0000, 0.35638
5, 30.5000, 28.0000, 0.28206
6, 30.5000, 30.0000, 0.56035
7, 30.5000, 32.0000, 0.35991

