1
1, 18.4643, 19.9633, 0.29533
2, 18.4995, 22.0018, 0.46927
3, 18.4990, 23.9875, 0.34670
4, 18.4822, 25.9792, 0.51648
5, 18.4768, 27.9859, 0.39147
6, 18.5218, 29.9865, 0.46130
7, 18.5153, 31.9895, 0.28873

2
1, 21.4791, 19.9381, 0.33846
2, 21.4763, 21.9666, 0.32563
3, 21.5137, 23.9513, 0.34070
4, 21.4614, 25.9846, 0.36525
5, 21.4604, 27.9838, 0.45649
6, 21.5043, 29.9660, 0.23841
7, 21.4903, 31.9693, 0.23923

3
1, 24.4898, 19.9557, 0.43212
2, 24.4656, 21.9431, 0.50234
3, 24.4763, 23.9680, 0.26000
4, 24.4603, 26.0153, 0.27038
5, 24.4898, 28.0172, 0.37878
6, 24.4661, 30.0088, 0.49209
7, 24.5023, 31.9973, 0.37696

4
1, 27.4770, 19.9493, 0.27211
2, 27.4671, 21.9410, 0.44510
3, 27.4101, 23.9420, 0.19285
4, 27.4443, 25.9733, 0.38722
5, 27.4703, 27.9750, 0.45966
6, 27.4901, 29.9634, 0.50943
7, 27.4863, 31.8993, 0.52700

5
1, 30.5123, 19.9353, 0.33861
2, 30.5480, 21.9737, 0.48725
3, 30.5354, 23.9787, 0.24805
4, 30.5123, 25.9873, 0.48840
5, 30.5196, 27.9418, 0.35513
6, 30.5516, 29.9157, 0.32813
7, 30.4975, 32.0106, 0.49102

