1
1, 18.5000, 20.0000, 0.24099
2, 18.5000, 22.0000, 0.45111
3, 18.5000, 24.0000, 0.30435
4, 18.5000, 26.0000, 0.49940
5, 18.5000, 28.0000, 0.35140
6, 18.5000, 30.0000, 0.46154
7, 18.5000, 32.0000, 0.28994

2
1, 21.5000, 20.0000, 0.30372
2, 21.5000, 22.0000, 0.31523
3, 21.5000, 24.0000, 0.31815
4, 21.5000, 26.0000, 0.34149
5, 21.5000, 28.0000, 0.38292
6, 21.5000, 30.0000, 0.22001
7, 21.5000, 32.0000, 0.22723

3
1, 24.5000, 20.0000, 0.39787
2, 24.5000, 22.0000, 0.48834
3, 24.5000, 24.0000, 0.22875
4, 24.5000, 26.0000, 0.21691
5, 24.5000, 28.0000, 0.30741
6, 24.5000, 30.0000, 0.41107
7, 24.5000, 32.0000, 0.36128

4
1, 27.5000, 20.0000, 0.25362
2, 27.5000, 22.0000, 0.41921
3, 27.5000, 24.0000, 0.20182
4, 27.5000, 26.0000, 0.32148
5, 27.5000, 28.0000, 0.42068
6, 27.5000, 30.0000, 0.46900
7, 27.5000, 32.0000, 0.46098

5
1, 30.5000, 20.0000, 0.30030
2, 30.5000, 22.0000, 0.43201
3, 30.5000, 24.0000, 0.22266
4, 30.5000, 26.0000, 0.43372
5, 30.5000, 28.0000, 0.34588
6, 30.5000, 30.0000, 0.28442
7, 30.5000, 32.0000, 0.44061

