1
1, 18.5065, 19.9269, 0.28272
2, 18.4903, 21.8799, 0.27875
3, 18.5591, 23.8617, 0.47887
4, 18.5170, 25.9238, 0.26563
5, 18.5060, 27.9638, 0.36329
6, 18.5170, 29.8798, 0.35638
7, 18.5002, 31.8830, 0.35320

2
1, 21.4777, 19.9718, 0.44793
2, 21.4629, 21.8838, 0.53786
3, 21.4427, 23.9125, 0.46810
4, 21.4323, 25.9238, 0.55745
5, 21.4629, 27.9439, 0.53786
6, 21.4629, 29.8798, 0.34634

3
1, 24.4899, 19.9428, 0.35059
2, 24.4968, 21.8799, 0.35098
3, 24.5038, 23.9009, 0.34676
4, 24.4930, 25.9238, 0.47518
5, 24.4833, 27.9536, 0.43979
6, 24.4930, 29.8798, 0.53786
7, 24.4856, 31.8676, 0.45856

4
1, 27.5230, 19.9479, 0.26563
2, 27.5511, 21.8838, 0.45581
3, 27.5230, 23.9038, 0.26563
4, 27.5230, 25.9238, 0.26563
5, 27.5100, 27.9352, 0.43953
6, 27.4978, 29.8798, 0.35330
7, 27.5230, 31.8998, 0.53786

5
1, 30.4689, 19.9479, 0.35638
2, 30.5110, 21.8510, 0.38960
3, 30.4584, 23.9038, 0.26250
4, 30.4689, 25.9238, 0.26563
5, 30.4774, 27.9355, 0.17660
6, 30.4830, 29.8798, 0.46538

