1
1, 18.5000, 20.0000, 0.28272
2, 18.5000, 22.0000, 0.27875
3, 18.5000, 24.0000, 0.47887
4, 18.5000, 26.0000, 0.26563
5, 18.5000, 28.0000, 0.36329
6, 18.5000, 30.0000, 0.35638
7, 18.5000, 32.0000, 0.35320

2
1, 21.5000, 20.0000, 0.44793
2, 21.5000, 22.0000, 0.53786
3, 21.5000, 24.0000, 0.46810
4, 21.5000, 26.0000, 0.55745
5, 21.5000, 28.0000, 0.53786
6, 21.5000, 30.0000, 0.34634

3
1, 24.5000, 20.0000, 0.35059
2, 24.5000, 22.0000, 0.35098
3, 24.5000, 24.0000, 0.34676
4, 24.5000, 26.0000, 0.47518
5, 24.5000, 28.0000, 0.43979
6, 24.5000, 30.0000, 0.53786
7, 24.5000, 32.0000, 0.45856

4
1, 27.5000, 20.0000, 0.26563
2, 27.5000, 22.0000, 0.45581
3, 27.5000, 24.0000, 0.26563
4, 27.5000, 26.0000, 0.26563
5, 27.5000, 28.0000, 0.43953
6, 27.5000, 30.0000, 0.35330
7, 27.5000, 32.0000, 0.53786

5
1, 30.5000, 20.0000, 0.35638
2, 30.5000, 22.0000, 0.38960
3, 30.5000, 24.0000, 0.26250
4, 30.5000, 26.0000, 0.26563
5, 30.5000, 28.0000, 0.17660
6, 30.5000, 30.0000, 0.46538

